image :1method :2
0.761298
3.00606
0.907477
0.907477
2.07968
2.10692
0.696729
0.833928
1.89302
2.05856
2.82335
1.01858
0.933784
2.65307
1.0367
2.11009
2.20342
2.20342
0.927201
0.402489
0.997995
0.997995
1.4993
1.22938
2.31304
1.22771
0.667821
1.07957
1.07957
0.578527
1.02307
1.02307
1.03326
0.185011
1.30184
0.90756
0.965385
1.03525
0.633014
0.89349
1.75527
1.73157
1.50056
1.52
0.819878
2.12219
1.17616
1.05286
1.11391
0.470177
0.548826
1.52553
1.57451
0.978482
0.967094
1.3597
1.05987
1.01652
1.27176
0.407651
0.56372
0.809659
0.959939
0.909767
0.809661
2.32201
2.80559
0.622454
0.531785
1.33624
1.29334
1.914
0.654704
0.711157
1.02236
0.668891
1.567
1.85967
1.97966
0.680521
0.890271
1.45315
1.05426
1.02875
1.03841
1.5544
3.15553
2.39657
1.01904
0.410025
1.32305
0.955673
0.631279
3.55341
1.37161
2.82367
0.104143
0.500892
0.479945
1.67064
0.734259
0.603275
0.767312
1.17998
2.10415
0.195129
1.3871
0.329192
0.717353
0.416901
0.416901
1.55508
0.97154
0.870661
0.782447
1.07367
2.87713
0.121019
0.208354
0.165276
1.08172
0.663102
0.812975
0.142008
0.142008
0.788343
2.72804
2.59836
3.14912
1.30009
0.600196
0.824482
0.870518
0.31752
0.196132
0.642386
0.71458
0.711077
0.173506
0.355759
0.872376
0.872376
2.92561
3.40054
1.15861
0.331693
0.570163
0.164311
1.05419
1.23367
0.228104
0.925049
1.18379
1.26265
1.22619
1.15077
1.27674
0.964582
1.37799
0.884147
1.45892
0.941032
0.404955
0.55478
0.424941
0.424941
0.585098
0.751363
0.261383
0.320213
0.325151
0.397667
0.704027
0.704027
0.752564
0.69649
0.756366
0.117189
0.132175
0.38791
0.617912
0.0530509
0.611096
0.86065
0.615372
0.154834
0.154834
1.17704
0.991652
1.54437
1.32511
1.39413
0.883059
1.22225
0.947189
0.91413
1.30752
1.30752
0.91237
0.658902
0.9162
1.51804
1.95012
1.99936
1.95148
0.731204
1.207
1.23883
1.28805
1.70487
2.49371
0.442274
0.200301
1.14244
1.14244
1.13134
1.56017
1.27071
0.224872
1.31579
1.17082
1.33598
1.36051
0.804849
0.804849
0.850613
0.841345
0.948504
0.904889
0.699122
0.729278
0.966476
0.647153
0.847607
0.862398
0.861714
0.861714
1.88686
1.71318
3.1826
0.948121
1.07032
1.19355
2.09331
1.20411
1.60223
1.33224
1.38167
1.20499
1.20227
1.31656
1.98523
0.910076
1.15394
1.49123
1.3398
1.24103
0.55538
0.782256
0.775924
0.978114
1.12716
1.49298
2.64962
1.53079
1.35165
0.929645
1.30507
1.29331
0.806677
0.806677
1.03801
0.893501
0.550189
1.48989
0.928134
1.18972
1.77548
1.06352
1.33374
0.955598
0.955598
1.60965
0.881581
1.9948
1.29543
1.275
0.945587
1.30769
1.48473
1.36195
1.3534
0.835605
1.99786
1.13763
1.5729
1.76043
1.30898
1.50105
1.50105
1.50487
0.962675
1.21621
0.724279
2.56633
0.0132707
1.86672
1.01005
1.90663
1.47789
0.449395
1.66274
0.854132
3.40826
0.505178
0.463805
0.264559
3.73093
1.29212
1.38225
0.661242
0.791508
2.33772
1.0134
1.0565
2.88792
1.56805
1.39538
1.80482
2.24299
1.11224
0.812356
0.691016
3.14107
3.14107
0.976907
0.976907
1.06492
1.21465
1.9869
1.9869
0.150615
0.150615
0.247318
0.166708
0.812244
1.0896
0.806532
0.811787
0.819278
0.819278
1.51
1.51
1.31389
0.918188
0.713451
0.57461
0.204551
0.935214
0.935214
1.60131
0.223104
0.855333
1.36776
1.05254
1.54483
0.225954
2.01322
0.73418
1.24851
1.30802
0.660322
0.656471
1.52239
0.923839
0.0959692
2.07299
1.23019
1.06481
0.893924
0.443301
1.85758
0.628315
1.53094
1.51541
1.39015
0.789623
0.556638
0.556638
0.65456
0.436561
1.69187
1.95373
1.2935
1.20053
0.743304
1.07702
1.24296
0.963428
0.485772
1.68576
0.939667
0.0103117
1.26441
0.384272
2.96508
3.3082
1.74971
3.3197
2.31396
3.28655
0.467502
1.09165
1.01758
1.01758
3.98822
3.98822
1.29341
0.0191902
0.146628
1.06337
0.231166
1.62537
0.917506
1.08139
0.547936
0.602473
0.686677
1.67213
0.216401
0.265889
0.256878
0.533991
0.890455
0.292155
0.84426
0.84426
0.71692
0.924864
3.74899
0.892704
1.25498
0.981755
0.560899
3.3258
2.48457
2.36215
2.4041
2.35149
2.73479
1.37148
1.06763
1.85712
2.54008
1.01665
0.79981
0.779339
2.0612
1.2647
1.69721
1.64956
0.483968
0.488601
0.123648
2.31168
0.908073
2.42672
0.464947
1.8937
1.48052
0.699462
1.84977
2.1851
0.6992
2.16881
2.16881
2.28808
2.52084
1.94697
2.32453
1.68035
0.678057
1.05577
1.05577
1.69522
1.36728
5.19312
0.689315
0.689315
7.83841
2.23286
2.17646
1.61208
1.50904
2.93872
1.87964
0.958288
1.60947
1.10074
1.83029
1.68445
1.61475
0.590258
0.791393
0.667997
2.17785
1.13874
1.28483
2.07384
1.81547
0.597606
2.48116
2.63625
0.810615
0.810615
2.45613
0.990141
0.448477
2.37549
0.927045
0.964874
1.5429
1.03499
0.706493
0.997564
6.17429
6.58197
0.975508
6.58633
6.10588
6.97335
6.97335
0.560031
7.64577
2.51518
1.74246
0.918346
0.829913
2.44114
2.73754
1.62459
1.49603
2.25619
1.75454
1.43692
1.94757
1.24038
3.01627
1.5369
2.15794
1.64311
1.64311
1.1565
3.39838
1.08431
1.84707
1.51613
1.85426
1.39614
0.818842
1.00278
2.6046
2.17677
0.317923
0.454547
1.16777
2.71184
0.902312
0.802206
1.2081
1.07729
0.831286
1.25661
0.878757
6.1904
0.764956
0.421007
1.3009
2.34225
2.62381
2.45284
1.64628
1.48092
2.51831
1.30715
1.30379
1.23355
1.91587
3.09442
1.98602
2.07905
1.53708
0.734146
1.40884
3.42482
1.12192
0.601863
0.883002
1.21438
1.80649
1.28216
2.84438
1.11297
2.84473
1.08212
1.08212
0.759615
2.67833
2.59836
2.65598
3.20899
2.7558
2.27834
3.02263
1.78977
1.78977
1.80557
2.68083
1.21165
1.77011
2.85448
1.72258
1.72258
0.325313
2.73323
1.10122
1.80861
1.60023
2.25541
1.7487
1.7907
4.03755
1.67253
2.6275
2.6275
1.74442
1.66515
2.06546
1.67639
1.63128
1.29158
0.83603
1.30204
1.82565
1.32967
1.69317
2.56039
2.66448
0.533698
1.78506
1.78506
2.93565
1.77029
1.46529
1.46529
2.85513
0.279882
0.372676
2.87543
0.650463
0.853874
1.56622
1.56622
1.51621
0.985847
1.69982
2.26041
1.0506
1.90983
1.37466
1.94709
2.14415
0.600885
1.26139
1.26139
3.149
0.620818
2.31942
1.08609
1.98003
0.658194
0.658194
1.11422
0.582828
0.582828
2.71052
0.582398
cumul_avg_error is :1.39391
