image :1method :3
1.80944
3.01927
1.90079
1.90079
1.16386
1.19761
4.33455
1.88639
6.09882
6.20153
6.84516
5.90083
0.275465
7.41972
6.68228
6.92114
6.3103
6.3103
4.16859
4.65099
0.10063
0.10063
0.353979
0.732084
7.18513
0.527952
4.76028
2.4785
2.4785
4.62493
0.69756
0.69756
0.584413
1.96854
0.103993
0.214533
0.381981
0.273734
0.207409
0.2175
1.04638
3.49054
3.58019
6.83355
4.96161
6.21268
2.37031
2.35517
0.685875
2.05567
1.7088
2.04765
0.207131
0.623001
0.16531
0.653438
0.252032
0.198366
0.551713
0.246321
0.264892
0.284349
0.193407
0.285781
6.94479
8.12705
7.49267
2.92972
2.87294
2.53671
1.14969
6.79218
0.642698
0.271594
0.396704
1.66291
5.85542
6.09696
6.04485
4.61086
3.06227
0.661077
0.211373
0.120974
5.94374
6.85887
8.90236
7.44751
2.57018
4.1201
0.339383
5.4056
4.84961
1.90209
0.570237
6.01457
9.32472
7.63406
7.93942
0.683651
0.405144
0.207216
0.0863977
0.496593
1.68769
8.77461
12.8188
1.90905
6.79461
9.85594
9.85594
2.02612
0.353787
0.210669
0.0754277
5.9977
5.67722
9.05535
9.31786
9.06002
12.308
11.514
6.84759
9.19157
9.19157
11.2588
0.505786
0.680996
1.25618
11.5338
0.275025
0.251457
0.272241
8.60382
9.35157
0.561446
7.3276
11.1126
8.822
7.66348
11.3169
11.3169
14.5492
14.8565
0.786647
10.4248
7.88772
9.64565
12.2588
12.5763
9.76655
1.00113
0.265882
0.805994
0.500816
2.77123
2.54228
0.0720739
2.53771
4.61625
1.7457
4.08146
5.18789
5.09151
4.88644
4.88644
4.584
4.2615
5.26533
5.21917
5.07646
5.04751
3.30441
3.30441
3.27883
3.19331
3.17591
5.3873
4.96277
4.31062
3.93337
5.47295
3.64185
2.99241
3.98946
5.08418
5.08418
0.217826
1.45275
0.386231
0.38685
0.311841
0.122711
0.346977
0.0787156
0.157902
0.550603
0.550603
0.220501
0.154752
0.210364
4.63331
1.96102
0.807752
0.75119
5.0229
0.444936
0.554631
2.00683
0.731822
0.755752
5.40536
2.29474
0.493604
0.493604
0.338243
0.283101
0.516318
3.51393
0.380141
0.651269
0.284543
0.445647
0.0395631
0.0395631
0.0465639
0.166819
0.383182
0.154094
0.24369
0.0807924
0.330123
0.188394
0.220644
0.28589
7.07953
7.07953
1.89195
0.958103
7.47853
0.47162
0.392
0.455751
0.382559
1.9926
1.25213
2.51652
2.06218
2.8837
1.15985
3.02962
0.238359
2.81482
3.17933
1.94435
0.42988
0.0863727
4.02856
0.21167
0.239783
0.425768
0.482942
6.69549
7.64985
0.685456
2.87907
3.47458
2.6388
2.77074
3.75901
3.75901
3.19925
3.36541
1.11161
0.429764
0.200052
0.316707
0.566638
0.713551
0.300242
3.13469
3.13469
1.47943
1.17599
0.33019
2.03314
0.27296
2.62937
0.464865
1.80372
1.9475
1.50215
0.141205
6.76184
2.79879
6.86312
7.76596
2.60808
4.55132
4.55132
4.62236
6.4878
5.11824
11.4396
6.3464
9.76356
2.30182
6.50866
4.32897
0.963185
2.56065
0.635325
0.291895
0.842117
0.28108
2.39259
2.12768
1.62895
0.496211
12.5678
0.148588
0.0729925
0.482487
0.0834425
0.167442
0.984443
0.160115
0.1345
0.904569
0.566876
1.095
4.6993
4.90494
14.916
14.916
0.583362
0.583362
0.284
0.239599
0.949214
0.949214
6.81602
6.81602
4.20658
5.86695
0.211672
0.359988
0.134276
0.07681
0.348075
0.348075
4.24197
4.24197
4.74012
5.44369
11.8168
7.9373
10.0365
12.238
12.238
1.60827
2.67463
0.404159
12.8023
0.122848
0.161148
9.46268
0.582209
0.30555
2.51954
0.0761341
0.0841082
0.298602
4.34003
6.25058
9.41081
2.23502
2.80458
0.280032
0.286876
1.43641
0.30965
0.256088
4.5999
4.31836
6.05953
11.8028
11.2588
11.2588
12.0099
11.4379
2.1521
1.21303
0.877266
0.499176
10.3547
0.213522
0.610747
12.4915
9.10659
1.62002
1.07613
1.90072
0.848475
7.63123
14.5943
14.757
0.584045
1.0624
6.58879
6.91807
8.04351
12.3598
11.346
11.346
2.17246
2.17246
0.433816
9.44958
9.33193
0.37146
8.3451
0.539023
10.8557
0.198327
9.60302
10.9098
1.04636
2.40796
6.2767
9.795
8.64185
10.7248
0.163573
8.52054
5.99141
5.99141
6.9056
0.788275
6.81486
6.5779
0.81974
0.627541
10.5641
6.9347
2.29872
1.99492
5.85633
5.58329
5.70863
0.329303
3.39863
1.1845
0.466781
0.382054
0.477581
0.452985
1.5786
0.2369
2.17305
0.207813
0.240069
0.360668
2.28628
0.984099
0.384603
0.541423
1.6427
0.00337988
0.103603
1.32527
0.112318
0.310928
1.24183
0.175783
0.175783
0.342308
0.971889
0.536669
0.750544
0.266028
0.462059
0.510607
0.510607
0.281355
0.615034
2.55692
0.0194777
0.0194777
14.9101
7.18185
6.67217
1.5935
0.43127
0.421487
0.555649
0.407962
0.496685
0.028514
0.511027
0.107713
0.167427
0.360367
0.136015
0.193077
0.552123
0.212906
0.128578
0.212281
0.0607807
2.09623
0.309743
0.379879
1.83813
1.83813
0.415554
1.77638
1.14329
0.913942
0.182667
0.0384959
0.49626
0.136014
0.286311
0.493177
3.32796
3.65993
0.205633
3.66829
3.27489
3.97431
3.97431
0.102255
15.5348
7.91817
6.47044
5.40504
5.51069
2.29776
1.7074
2.01857
0.418278
1.98172
1.3037
0.338079
1.61807
0.380665
0.198531
2.66901
0.858897
0.209466
0.209466
0.339931
0.835683
0.360368
1.53795
1.78813
0.148199
0.119786
0.154942
0.218372
0.502409
0.112834
1.48519
1.29096
1.74809
0.900796
0.256871
0.264174
0.199525
0.279992
0.0717603
0.321409
0.326142
3.38182
0.140688
0.406595
0.42351
7.61717
7.68552
7.00448
2.36486
0.894466
1.16045
0.352894
0.298662
0.404486
1.52743
0.0626947
0.913044
0.11827
0.164629
0.460326
0.381526
0.919653
0.28346
0.172393
0.268158
0.129233
0.0594317
0.31634
1.09777
0.206917
1.26775
0.0469146
0.0469146
0.0584226
8.38763
6.53729
6.4616
6.72952
6.2677
2.38148
6.31051
1.05408
1.05408
2.10233
0.32264
0.342584
0.658775
0.293779
0.20021
0.20021
1.22161
1.30454
6.58591
6.43465
5.93266
6.2257
0.646874
2.54163
9.09061
1.62486
5.50768
5.50768
0.435229
0.334643
0.397375
0.330901
0.209988
0.339097
0.447497
0.545946
1.81504
0.263218
1.08006
1.06294
0.676759
1.12372
0.427962
0.427962
8.23843
1.58589
3.46965
3.46965
0.314418
0.321747
0.0746412
0.209913
1.45068
0.221299
0.509641
0.509641
0.34929
6.02
2.99648
2.29052
5.0585
2.05196
6.33887
1.41918
0.784254
0.772753
0.113385
0.113385
7.48413
4.2066
1.19644
0.409259
3.05354
0.437072
0.437072
0.120702
0.930796
0.930796
0.220637
0.602934
cumul_avg_error is :2.97314
