image :1method :1
5.47733
1.3559
5.43909
5.43909
6.66528
6.6982
5.7079
5.53314
8.05335
8.14395
9.72342
6.21811
5.39798
9.3262
6.23712
8.36269
5.91802
5.91802
0.160269
0.748343
1.99511
1.99511
4.51629
5.66969
8.7209
0.996727
0.307663
0.715473
0.715473
0.595111
1.57435
1.57435
1.48623
4.6103
4.47276
4.2009
4.3271
5.26341
4.67707
5.17457
5.78698
1.27015
1.18508
5.59567
4.76952
8.44799
0.384475
0.691622
1.43318
4.81073
5.09716
6.25816
4.45453
3.9063
4.94876
5.36104
4.4366
4.42753
4.77458
4.45354
4.60995
4.89099
5.2501
5.13832
5.46157
8.51892
9.27164
4.04915
3.9037
0.157052
4.00717
2.70665
4.25301
4.61851
5.1388
4.10631
4.72602
5.42908
5.36491
4.8073
0.786715
4.59391
4.95152
5.08057
4.44128
6.77768
10.8499
8.63624
0.599439
2.25357
4.66491
4.49086
4.81478
4.86611
5.89615
9.30662
0.207068
0.573313
0.547506
3.18841
5.16117
4.55036
4.76125
5.44159
1.72587
0.260025
0.615551
4.28092
0.572367
0.0916563
0.0916563
6.34366
4.27638
4.5287
4.94635
0.893961
9.71391
0.228721
0.337697
0.314168
0.538148
0.170055
0.779184
0.206286
0.206286
0.288451
3.07157
3.13127
3.60674
0.572376
4.71571
4.99127
5.06914
0.406323
0.348673
2.82917
0.641289
0.285533
0.263955
0.414944
0.321065
0.321065
1.36229
1.81846
5.28741
0.191833
0.468547
0.220828
0.605611
0.568885
0.088658
5.13719
5.47667
2.83331
0.878317
0.314229
0.229083
1.08202
0.0174554
0.071554
0.167672
0.164199
0.465459
0.377325
0.566796
0.566796
0.506526
0.455525
0.650362
0.615906
0.672035
0.64642
0.812071
0.812071
0.791971
0.873179
0.849599
0.855632
0.971969
0.89214
0.792481
0.909473
0.881979
0.844277
0.814034
0.940624
0.940624
1.93738
5.6036
4.08017
4.23786
4.46316
4.52647
4.41997
4.89017
4.4866
5.74161
5.74161
4.94512
4.73158
5.0721
1.48007
0.272466
0.448266
0.458236
5.279
0.915635
0.752798
0.326673
0.580737
1.42928
0.644003
4.76961
1.51413
1.51413
1.34364
4.06275
3.90259
1.85528
4.23518
3.92857
4.84072
5.25417
4.51531
4.51531
4.61071
4.41948
4.48507
4.63686
4.83189
4.62447
5.05379
4.76236
5.05507
5.05623
5.69623
5.69623
0.252818
1.00581
10.1431
1.1086
1.06706
0.918947
0.279926
0.400262
0.403622
0.204227
0.267556
0.179962
0.564186
0.066844
0.385807
0.635374
0.162804
0.0886677
3.9674
4.57492
2.51815
4.80068
4.84334
5.15131
5.23552
7.02346
9.41252
0.339779
0.239918
0.424996
0.255561
0.124473
0.487654
0.487654
0.451828
0.648801
4.12468
4.09585
4.54778
4.97823
1.04864
0.912018
0.924409
0.626715
0.626715
0.302059
0.958267
0.364425
0.338391
5.12291
0.606694
0.564198
0.179255
0.191662
4.53297
5.10891
7.4452
0.303245
5.30921
6.69902
0.0875788
1.04511
1.04511
1.34065
5.98871
3.27057
0.637218
9.18023
0.0993903
1.59699
0.943694
7.69115
1.11843
3.78157
0.967191
2.10296
2.88037
2.08801
5.02595
4.63643
4.25558
2.85034
0.518129
1.61889
1.50602
3.07934
1.33854
1.34414
3.54936
0.819282
1.01467
3.17555
3.72918
5.36725
0.163721
0.256625
1.44257
1.44257
1.76116
1.76116
4.32224
5.01397
6.57641
6.57641
0.621033
0.621033
1.11524
1.02001
4.22494
4.77155
5.00367
4.87054
4.92998
4.92998
1.02101
1.02101
3.04323
5.89225
0.337133
0.638831
0.0338414
0.32054
0.32054
0.707972
4.55153
2.3439
0.591831
1.36993
0.90617
0.0850537
0.324226
4.29102
0.482097
4.39601
4.25727
4.6984
0.999915
5.46723
0.119683
0.84704
2.44587
1.82545
1.40971
3.74875
0.572998
4.01742
1.32045
1.09274
5.05965
0.737448
0.48747
0.48747
0.444786
0.42758
2.01016
2.12539
1.12678
2.69488
0.526311
1.4182
5.44848
0.614738
0.484796
2.64402
1.26351
4.29205
3.4523
0.367858
1.40791
1.7199
4.19558
7.30434
5.72602
10.6357
0.476108
0.513825
0.356707
0.356707
4.58985
4.58985
5.72633
0.151254
0.0301425
2.68322
0.416557
0.740676
0.321861
1.44915
0.473994
0.624178
3.70487
6.39235
0.682317
0.229228
0.349259
0.0938927
1.17412
0.308265
4.42394
4.42394
0.707369
0.986748
10.7113
0.898929
1.18423
0.971512
0.153658
10.3992
0.121834
0.699596
8.80465
8.77308
9.13803
1.41462
3.18755
0.713109
2.29064
1.7767
1.67037
1.64474
0.557971
2.37027
1.65774
0.928798
2.05239
1.62606
4.71829
2.32211
2.7731
2.36483
3.72608
0.569769
1.04269
3.64466
0.666746
0.243165
3.58877
0.365009
0.365009
0.300528
3.52354
3.53343
3.86915
3.92192
4.3643
5.45479
5.45479
4.09626
3.81949
9.31214
4.46343
4.46343
18.3955
8.97794
8.87081
0.628976
1.1915
0.716906
0.819862
1.62721
2.28365
2.19905
0.833995
0.901204
0.933661
1.7839
2.34519
1.63224
0.345708
2.75996
1.16617
0.385115
0.656647
5.25975
2.61749
0.196286
5.3686
5.3686
0.100699
5.57551
4.73931
3.80936
4.54813
4.86499
3.87085
4.74181
4.79775
3.79069
10.1838
10.6321
4.74961
10.476
10.2032
10.8879
10.8879
4.57838
18.418
9.82503
8.22341
4.21215
6.09082
0.117234
0.871856
0.619503
1.14791
0.780334
0.584465
1.57436
0.455756
1.53579
1.02553
2.43613
0.603155
1.04053
1.04053
1.42195
2.94915
1.26077
2.19119
2.18879
0.624815
1.01178
1.53284
1.4183
0.39403
0.291323
3.52166
4.09163
5.81681
4.45953
4.43695
4.32895
4.35959
4.95518
5.05857
4.4831
4.50237
10.3426
4.21322
4.71144
5.63661
9.29486
9.84793
9.28821
0.173158
0.92269
0.0360597
1.44574
1.5009
1.50038
0.580374
1.93246
0.672861
2.76208
1.06452
1.58439
2.38352
3.12842
2.62413
2.28284
2.52919
2.71061
0.650586
2.80101
4.01357
1.63971
4.07861
5.51447
5.51447
4.37413
10.0622
9.37313
9.47983
10.3687
9.53415
0.083845
9.87655
0.822228
0.822228
1.9255
2.37339
2.90423
3.38728
2.98658
0.874581
0.874581
3.7315
4.12818
6.61671
8.20684
7.68284
8.78511
1.51285
0.146845
11.2301
0.664878
9.16691
9.16691
0.992414
0.918432
0.664645
1.02771
0.90509
1.16642
2.10635
2.80947
2.26329
2.90682
2.26085
3.79779
3.09928
4.71023
3.82947
3.82947
10.5304
0.335087
3.12555
3.12555
0.947178
2.01196
2.28155
2.80608
3.35117
4.36994
3.79198
3.79198
4.1792
4.63226
0.566465
0.289129
6.62036
0.133402
6.68408
0.525237
0.594906
4.63265
5.70137
5.70137
10.4652
4.40523
0.992142
4.3048
0.781137
4.35801
4.35801
4.47837
1.2187
1.2187
1.96536
5.02198
cumul_avg_error is :3.08759
